0 0.606250 0.685000 0.587500 0.521666
0 0.055313 0.294166 0.044375 0.141667
0 0.107813 0.275417 0.026875 0.114167
0 0.134375 0.294583 0.036250 0.130833
0 0.161875 0.281250 0.052500 0.122500
0 0.211562 0.270000 0.033125 0.113334
0 0.272813 0.271667 0.026875 0.116667
0 0.298125 0.274583 0.031250 0.129167
0 0.421563 0.269583 0.029375 0.132500
0 0.477500 0.268750 0.033750 0.127500
0 0.502812 0.255000 0.026875 0.051666
0 0.533125 0.270417 0.033750 0.127500
0 0.587500 0.262916 0.041250 0.134167
0 0.761875 0.268334 0.031250 0.116667
0 0.805000 0.262500 0.047500 0.105000
