0 0.013750 0.547500 0.027500 0.111666
0 0.022187 0.444167 0.044375 0.108333
0 0.055000 0.640000 0.110000 0.148334
0 0.059687 0.737084 0.119375 0.184167
0 0.209375 0.816667 0.418750 0.365000
0 0.074687 0.520000 0.099375 0.166666
0 0.170938 0.513333 0.224375 0.198333
0 0.221875 0.516250 0.187500 0.125834
0 0.244688 0.389166 0.066875 0.173333
0 0.340313 0.433750 0.129375 0.129166
0 0.333437 0.579167 0.098125 0.206667
0 0.539062 0.735417 0.291875 0.487500
0 0.555313 0.441666 0.094375 0.171667
0 0.644375 0.460417 0.195000 0.230833
0 0.675312 0.249583 0.050625 0.090833
0 0.717187 0.369167 0.049375 0.151667
0 0.862187 0.832500 0.274375 0.333334
0 0.770625 0.286667 0.037500 0.168333
0 0.838750 0.468333 0.118750 0.250000
0 0.798125 0.360000 0.035000 0.098334
0 0.942813 0.236667 0.060625 0.116667
