0 0.337187 0.583804 0.095625 0.288136
0 0.053750 0.425141 0.107500 0.117702
0 0.140937 0.467514 0.130625 0.168550
0 0.173437 0.434557 0.041875 0.051789
0 0.224687 0.502354 0.060625 0.179850
0 0.412500 0.496704 0.041250 0.113936
0 0.409062 0.500000 0.014375 0.163842
0 0.474375 0.461394 0.060000 0.156309
0 0.552500 0.446327 0.052500 0.141243
0 0.616875 0.726460 0.152500 0.422787
0 0.683437 0.530132 0.093125 0.209040
0 0.764063 0.470339 0.083125 0.208098
0 0.783438 0.526365 0.019375 0.054614
0 0.843750 0.445387 0.050000 0.150659
0 0.934375 0.476930 0.067500 0.187382
0 0.986563 0.633239 0.025625 0.194915
