0 0.126514 0.805625 0.209443 0.073750
0 0.136199 0.805937 0.185230 0.058125
0 0.169492 0.785312 0.145279 0.058125
0 0.191889 0.754687 0.066586 0.020625
0 0.253632 0.805625 0.158596 0.066250
0 0.296610 0.790938 0.171913 0.081875
0 0.450363 0.788125 0.225182 0.070000
0 0.489710 0.802188 0.238499 0.071875
0 0.486683 0.792188 0.225182 0.054375
0 0.503027 0.800000 0.204601 0.060000
0 0.516344 0.764687 0.139225 0.030625
0 0.601090 0.775625 0.148911 0.070000
0 0.707628 0.777500 0.139225 0.060000
0 0.980630 0.799063 0.036319 0.054375
0 0.990314 0.798125 0.016949 0.028750
